1   0   0   0   0.808702   0.   0   0   1.88474   0.   0   0   0   0   0.   -0.5   0   0   0.  
   -1.21305   0   0   0.   -4.71184   0.301138   0   0   0   -0.186501   0.   0   0   -1.45084   0.   0
     0   0   0   0.   -0.451707   0   0   0.   -0.660746   0   0   0.   -1.24922   0.253782   0   0   0
     -0.595472   0.   0   0   -2.98912   0.   0   0   0   0   0.   -0.634454   0   0   0.   -0.051031  
   0   0   0.   5.33909 ;
 0   1   0   0   0.   0.808702   0   0   0.   1.88474   0   0   0   0   0.5   0.   0   0   1.21305   0.
     0   0   4.71184   0.   0   0.301138   0   0   0.   -0.186501   0   0   0.   -1.45084   0   0   0  
   0   0.451707   0.   0   0   0.660746   0.   0   0   1.24922   0.   0   0.253782   0   0   0.  
   -0.595472   0   0   0.   -2.98912   0   0   0   0   0.634454   0.   0   0   0.051031   0.   0   0  
   -5.33909   0. ;
 0   0   0.808702   0.   0   0   1.88474   0.   0   0   7.01002   0.   0.   0.5   0   0   0.   -0.404351
     0   0   0.   -2.8271   0   0   0   0   0.813499   0.   0   0   0.975265   0.   0   0   0.521429  
   0.   0.   0.451707   0   0   0.   -1.22025   0   0   0.   -5.60174   0   0   0   0   1.21136   0.   0
     0   -0.346133   0.   0   0   -13.3661   0.   0.   0.634454   0   0   0.   -3.02839   0   0   0.  
   -9.60649   0   0 ;
 0   0   0.   0.808702   0   0   0.   1.88474   0   0   0.   7.01002   -0.5   0.   0   0   0.404351   0.
     0   0   2.8271   0.   0   0   0   0   0.   0.813499   0   0   0.   0.975265   0   0   0.   0.521429
     -0.451707   0.   0   0   1.22025   0.   0   0   5.60174   0.   0   0   0   0   0.   1.21136   0   0
     0.   -0.346133   0   0   0.   -13.3661   -0.634454   0.   0   0   3.02839   0.   0   0   9.60649  
   0.   0   0 ;
 0.808702   0.   0   0   1.88474   0.   0   0   7.01002   0.   0   0   0   0   0.   0.404351   0   0  
   0.   -0.942368   0   0   0.   -10.515   -0.186501   0.   0   0   1.78397   0.   0   0   6.17564   0.
     0   0   0   0   0.   1.22025   0   0   0.   -2.67595   0   0   0.   -30.6175   -0.595472   0.   0  
   0   4.53486   0.   0   0   9.0409   0.   0   0   0   0   0.   3.02839   0   0   0.   -11.3372   0   0
     0.   -94.5662 ;
 0.   0.808702   0   0   0.   1.88474   0   0   0.   7.01002   0   0   0   0   -0.404351   0.   0   0  
   0.942368   0.   0   0   10.515   0.   0.   -0.186501   0   0   0.   1.78397   0   0   0.   6.17564  
   0   0   0   0   -1.22025   0.   0   0   2.67595   0.   0   0   30.6175   0.   0.   -0.595472   0   0
     0.   4.53486   0   0   0.   9.0409   0   0   0   0   -3.02839   0.   0   0   11.3372   0.   0   0  
   94.5662   0. ;
 0   0   1.88474   0.   0   0   7.01002   0.   0   0   36.8242   0.   0.   1.21305   0   0   0.  
   0.942368   0   0   0.   -3.50501   0   0   0   0   0.975265   0.   0   0   8.06037   0.   0   0  
   48.6048   0.   0.   0.660746   0   0   0.   2.67595   0   0   0.   -12.0906   0   0   0   0  
   -0.346133   0.   0   0   19.7447   0.   0   0   99.4464   0.   0.   0.051031   0   0   0.   11.3372  
   0   0   0.   -49.3617   0   0 ;
 0   0   0.   1.88474   0   0   0.   7.01002   0   0   0.   36.8242   -1.21305   0.   0   0   -0.942368
     0.   0   0   3.50501   0.   0   0   0   0   0.   0.975265   0   0   0.   8.06037   0   0   0.  
   48.6048   -0.660746   0.   0   0   -2.67595   0.   0   0   12.0906   0.   0   0   0   0   0.  
   -0.346133   0   0   0.   19.7447   0   0   0.   99.4464   -0.051031   0.   0   0   -11.3372   0.   0
     0   49.3617   0.   0   0 ;
 1.88474   0.   0   0   7.01002   0.   0   0   36.8242   0.   0   0   0   0   0.   2.8271   0   0   0.  
   3.50501   0   0   0.   -18.4121   -1.45084   0.   0   0   6.17564   0.   0   0   55.6148   0.   0   0
     0   0   0.   5.60174   0   0   0.   12.0906   0   0   0.   -83.4222   -2.98912   0.   0   0  
   9.0409   0.   0   0   147.809   0.   0   0   0   0   0.   9.60649   0   0   0.   49.3617   0   0   0.
     -369.522 ;
 0.   1.88474   0   0   0.   7.01002   0   0   0.   36.8242   0   0   0   0   -2.8271   0.   0   0  
   -3.50501   0.   0   0   18.4121   0.   0.   -1.45084   0   0   0.   6.17564   0   0   0.   55.6148  
   0   0   0   0   -5.60174   0.   0   0   -12.0906   0.   0   0   83.4222   0.   0.   -2.98912   0   0
     0.   9.0409   0   0   0.   147.809   0   0   0   0   -9.60649   0.   0   0   -49.3617   0.   0   0
     369.522   0. ;
 0   0   7.01002   0.   0   0   36.8242   0.   0   0   280.41   0.   0.   4.71184   0   0   0.   10.515
     0   0   0.   18.4121   0   0   0   0   0.521429   0.   0   0   48.6048   0.   0   0   542.011   0.
     0.   1.24922   0   0   0.   30.6175   0   0   0.   83.4222   0   0   0   0   -13.3661   0.   0   0
     99.4464   0.   0   0   1590.29   0.   0.   -5.33909   0   0   0.   94.5662   0   0   0.   369.522  
   0   0 ;
 0   0   0.   7.01002   0   0   0.   36.8242   0   0   0.   280.41   -4.71184   0.   0   0   -10.515  
   0.   0   0   -18.4121   0.   0   0   0   0   0.   0.521429   0   0   0.   48.6048   0   0   0.  
   542.011   -1.24922   0.   0   0   -30.6175   0.   0   0   -83.4222   0.   0   0   0   0   0.  
   -13.3661   0   0   0.   99.4464   0   0   0.   1590.29   5.33909   0.   0   0   -94.5662   0.   0   0
     -369.522   0.   0   0 ;
 0   0   0.   -0.5   0   0   0.   -1.21305   0   0   0.   -4.71184   0.301138   0   0   0   -0.186501  
   0.   0   0   -1.45084   0.   0   0   0   0   0.   -0.451707   0   0   0.   -0.660746   0   0   0.  
   -1.24922   0.253782   0   0   0   -0.595472   0.   0   0   -2.98912   0.   0   0   0   0   0.  
   -0.634454   0   0   0.   -0.051031   0   0   0.   5.33909   0.343358   0   0   0   -1.44281   0.   0
     0   -5.16492   0.   0   0 ;
 0   0   0.5   0.   0   0   1.21305   0.   0   0   4.71184   0.   0   0.301138   0   0   0.   -0.186501
     0   0   0.   -1.45084   0   0   0   0   0.451707   0.   0   0   0.660746   0.   0   0   1.24922  
   0.   0   0.253782   0   0   0.   -0.595472   0   0   0.   -2.98912   0   0   0   0   0.634454   0.  
   0   0   0.051031   0.   0   0   -5.33909   0.   0   0.343358   0   0   0.   -1.44281   0   0   0.  
   -5.16492   0   0 ;
 0.   -0.5   0   0   0.   -1.21305   0   0   0.   -4.71184   0   0   0   0   0.313499   0.   0   0  
   -0.237788   0.   0   0   -4.19041   0.   0.   0.150569   0   0   0.   -1.03375   0   0   0.   -4.1509
     0   0   0   0   0.759649   0.   0   0   -1.00688   0.   0   0   -14.6153   0.   0.   0.380673   0  
   0   0.   -2.43292   0   0   0.   -6.61737   0   0   0   0   1.72946   0.   0   0   -4.90976   0.   0
     0   -48.0465   0. ;
 0.5   0.   0   0   1.21305   0.   0   0   4.71184   0.   0   0   0   0   0.   0.313499   0   0   0.  
   -0.237788   0   0   0.   -4.19041   -0.150569   0.   0   0   1.03375   0.   0   0   4.1509   0.   0  
   0   0   0   0.   0.759649   0   0   0.   -1.00688   0   0   0.   -14.6153   -0.380673   0.   0   0  
   2.43292   0.   0   0   6.61737   0.   0   0   0   0   0.   1.72946   0   0   0.   -4.90976   0   0  
   0.   -48.0465 ;
 0   0   0.   -1.21305   0   0   0.   -4.71184   0   0   0.   -24.5351   0.813499   0.   0   0  
   0.975265   0.   0   0   0.521429   0.   0   0   0   0   0.   -0.40675   0   0   0.   -4.62648   0   0
     0.   -31.6603   0.307942   0.   0   0   2.09436   0.   0   0   -2.16259   0.   0   0   0   0   0.  
   0.605678   0   0   0.   -10.6449   0   0   0.   -67.8341   -0.173902   0.   0   0   7.25483   0.   0
     0   -14.9596   0.   0   0 ;
 0   0   1.21305   0.   0   0   4.71184   0.   0   0   24.5351   0.   0.   0.813499   0   0   0.  
   0.975265   0   0   0.   0.521429   0   0   0   0   0.40675   0.   0   0   4.62648   0.   0   0  
   31.6603   0.   0.   0.307942   0   0   0.   2.09436   0   0   0.   -2.16259   0   0   0   0  
   -0.605678   0.   0   0   10.6449   0.   0   0   67.8341   0.   0.   -0.173902   0   0   0.   7.25483
     0   0   0.   -14.9596   0   0 ;
 0.   -1.21305   0   0   0.   -4.71184   0   0   0.   -24.5351   0   0   0   0   2.18832   0.   0   0  
   5.23327   0.   0   0   17.0597   0.   0.   1.22025   0   0   0.   -2.67595   0   0   0.   -30.6175  
   0   0   0   0   3.31461   0.   0   0   11.7168   0.   0   0   7.59396   0.   0.   1.83745   0   0  
   0.   -2.26743   0   0   0.   -76.4844   0   0   0   0   4.22644   0.   0   0   38.2648   0.   0   0  
   -48.4096   0. ;
 1.21305   0.   0   0   4.71184   0.   0   0   24.5351   0.   0   0   0   0   0.   2.18832   0   0   0.
     5.23327   0   0   0.   17.0597   -1.22025   0.   0   0   2.67595   0.   0   0   30.6175   0.   0  
   0   0   0   0.   3.31461   0   0   0.   11.7168   0   0   0.   7.59396   -1.83745   0.   0   0  
   2.26743   0.   0   0   76.4844   0.   0   0   0   0   0.   4.22644   0   0   0.   38.2648   0   0  
   0.   -48.4096 ;
 0   0   0.   -4.71184   0   0   0.   -24.5351   0   0   0.   -165.709   3.40137   0.   0   0   9.94511
     0.   0   0   41.5947   0.   0   0   0   0   0.   1.70068   0   0   0.   -20.1509   0   0   0.  
   -277.841   -0.346133   0.   0   0   19.7447   0.   0   0   99.4464   0.   0   0   0   0   0.   10.991
     0   0   0.   -29.617   0   0   0.   -767.307   -4.9608   0.   0   0   49.602   0.   0   0   334.013
     0.   0   0 ;
 0   0   4.71184   0.   0   0   24.5351   0.   0   0   165.709   0.   0.   3.40137   0   0   0.  
   9.94511   0   0   0.   41.5947   0   0   0   0   -1.70068   0.   0   0   20.1509   0.   0   0  
   277.841   0.   0.   -0.346133   0   0   0.   19.7447   0   0   0.   99.4464   0   0   0   0   -10.991
     0.   0   0   29.617   0.   0   0   767.307   0.   0.   -4.9608   0   0   0.   49.602   0   0   0.  
   334.013   0   0 ;
 0.   -4.71184   0   0   0.   -24.5351   0   0   0.   -165.709   0   0   0   0   14.657   0.   0   0  
   66.1298   0.   0   0   449.95   0.   0.   8.50342   0   0   0.   -0.260715   0   0   0.   -194.652  
   0   0   0   0   14.6426   0.   0   0   159.899   0.   0   0   1173.18   0.   0.   9.60649   0   0  
   0.   49.3617   0   0   0.   -369.522   0   0   0   0   -5.35313   0.   0   0   482.098   0.   0   0  
   4066.01   0. ;
 4.71184   0.   0   0   24.5351   0.   0   0   165.709   0.   0   0   0   0   0.   14.657   0   0   0.  
   66.1298   0   0   0.   449.95   -8.50342   0.   0   0   0.260715   0.   0   0   194.652   0.   0   0
     0   0   0.   14.6426   0   0   0.   159.899   0   0   0.   1173.18   -9.60649   0.   0   0  
   -49.3617   0.   0   0   369.522   0.   0   0   0   0   0.   -5.35313   0   0   0.   482.098   0   0  
   0.   4066.01 ;
 0.301138   0   0   0   -0.186501   0.   0   0   -1.45084   0.   0   0   0   0   0.   -0.451707   0   0
     0.   -0.660746   0   0   0.   -1.24922   0.253782   0   0   0   -0.595472   0.   0   0   -2.98912  
   0.   0   0   0   0   0.   -0.634454   0   0   0.   -0.051031   0   0   0.   5.33909   0.343358   0  
   0   0   -1.44281   0.   0   0   -5.16492   0.   0   0   0   0   0.   -1.20175   0   0   0.   1.82597
     0   0   0.   23.5749 ;
 0   0.301138   0   0   0.   -0.186501   0   0   0.   -1.45084   0   0   0   0   0.451707   0.   0   0  
   0.660746   0.   0   0   1.24922   0.   0   0.253782   0   0   0.   -0.595472   0   0   0.   -2.98912
     0   0   0   0   0.634454   0.   0   0   0.051031   0.   0   0   -5.33909   0.   0   0.343358   0  
   0   0.   -1.44281   0   0   0.   -5.16492   0   0   0   0   1.20175   0.   0   0   -1.82597   0.   0
     0   -23.5749   0. ;
 0   0   -0.186501   0.   0   0   -1.45084   0.   0   0   -8.90225   0.   0.   -0.150569   0   0   0.  
   -0.847247   0   0   0.   -2.70006   0   0   0   0   0.307942   0.   0   0   -1.66762   0.   0   0  
   -15.8645   0.   0.   0.126891   0   0   0.   -1.83745   0   0   0.   -3.62826   0   0   0   0  
   1.09501   0.   0   0   -4.9608   0.   0   0   -42.7074   0.   0.   0.515036   0   0   0.   -5.38808  
   0   0   0.   -2.24968   0   0 ;
 0   0   0.   -0.186501   0   0   0.   -1.45084   0   0   0.   -8.90225   0.150569   0.   0   0  
   0.847247   0.   0   0   2.70006   0.   0   0   0   0   0.   0.307942   0   0   0.   -1.66762   0   0
     0.   -15.8645   -0.126891   0.   0   0   1.83745   0.   0   0   3.62826   0.   0   0   0   0   0.  
   1.09501   0   0   0.   -4.9608   0   0   0.   -42.7074   -0.515036   0.   0   0   5.38808   0.   0  
   0   2.24968   0.   0   0 ;
 -0.186501   0.   0   0   -1.45084   0.   0   0   -8.90225   0.   0   0   0   0   0.   -1.03375   0   0
     0.   -4.1509   0   0   0.   -23.2795   0.60908   0.   0   0   0.0268689   0.   0   0   -10.4644  
   0.   0   0   0   0   0.   -0.913621   0   0   0.   -8.63113   0   0   0.   -38.6035   0.587443   0.  
   0   0   2.38899   0.   0   0   -28.1944   0.   0   0   0   0   0.   0.0869511   0   0   0.   -27.0537
     0   0   0.   -79.8764 ;
 0.   -0.186501   0   0   0.   -1.45084   0   0   0.   -8.90225   0   0   0   0   1.03375   0.   0   0  
   4.1509   0.   0   0   23.2795   0.   0.   0.60908   0   0   0.   0.0268689   0   0   0.   -10.4644  
   0   0   0   0   0.913621   0.   0   0   8.63113   0.   0   0   38.6035   0.   0.   0.587443   0   0  
   0.   2.38899   0   0   0.   -28.1944   0   0   0   0   -0.0869511   0.   0   0   27.0537   0.   0   0
     79.8764   0. ;
 0   0   -1.45084   0.   0   0   -8.90225   0.   0   0   -56.5456   0.   0.   -1.22025   0   0   0.  
   -5.60174   0   0   0.   -32.1818   0   0   0   0   2.09436   0.   0   0   -2.16259   0.   0   0  
   -87.387   0.   0.   0.913621   0   0   0.   -8.55052   0   0   0.   -69.9967   0   0   0   0  
   6.04348   0.   0   0   6.33016   0.   0   0   -251.912   0.   0.   3.02417   0   0   0.   -15.1087  
   0   0   0.   -220.848   0   0 ;
 0   0   0.   -1.45084   0   0   0.   -8.90225   0   0   0.   -56.5456   1.22025   0.   0   0   5.60174
     0.   0   0   32.1818   0.   0   0   0   0   0.   2.09436   0   0   0.   -2.16259   0   0   0.  
   -87.387   -0.913621   0.   0   0   8.55052   0.   0   0   69.9967   0.   0   0   0   0   0.   6.04348
     0   0   0.   6.33016   0   0   0.   -251.912   -3.02417   0.   0   0   15.1087   0.   0   0  
   220.848   0.   0   0 ;
 -1.45084   0.   0   0   -8.90225   0.   0   0   -56.5456   0.   0   0   0   0   0.   -7.05258   0   0  
   0.   -41.084   0   0   0.   -346.08   4.53486   0.   0   0   9.0409   0.   0   0   -23.0235   0.   0
     0   0   0   0.   -2.26743   0   0   0.   -76.4844   0   0   0.   -797.683   2.38899   0.   0   0  
   40.5322   0.   0   0   28.0748   0.   0   0   0   0   0.   15.1087   0   0   0.   -189.197   0   0  
   0.   -2607.63 ;
 0.   -1.45084   0   0   0.   -8.90225   0   0   0.   -56.5456   0   0   0   0   7.05258   0.   0   0  
   41.084   0.   0   0   346.08   0.   0.   4.53486   0   0   0.   9.0409   0   0   0.   -23.0235   0  
   0   0   0   2.26743   0.   0   0   76.4844   0.   0   0   797.683   0.   0.   2.38899   0   0   0.  
   40.5322   0   0   0.   28.0748   0   0   0   0   -15.1087   0.   0   0   189.197   0.   0   0  
   2607.63   0. ;
 0   0   -8.90225   0.   0   0   -56.5456   0.   0   0   -378.595   0.   0.   -8.50342   0   0   0.  
   -49.9863   0   0   0.   -402.625   0   0   0   0   23.1461   0.   0   0   59.1445   0.   0   0  
   -216.026   0.   0.   11.3372   0   0   0.   -49.3617   0   0   0.   -866.753   0   0   0   0   49.602
     0.   0   0   334.013   0.   0   0   229.47   0.   0.   27.0537   0   0   0.   13.4638   0   0   0.
     -2467.25   0   0 ;
 0   0   0.   -8.90225   0   0   0.   -56.5456   0   0   0.   -378.595   8.50342   0.   0   0   49.9863
     0.   0   0   402.625   0.   0   0   0   0   0.   23.1461   0   0   0.   59.1445   0   0   0.  
   -216.026   -11.3372   0.   0   0   49.3617   0.   0   0   866.753   0.   0   0   0   0   0.   49.602
     0   0   0.   334.013   0   0   0.   229.47   -27.0537   0.   0   0   -13.4638   0.   0   0  
   2467.25   0.   0   0 ;
 0   0   0.   -0.451707   0   0   0.   -0.660746   0   0   0.   -1.24922   0.253782   0   0   0  
   -0.595472   0.   0   0   -2.98912   0.   0   0   0   0   0.   -0.634454   0   0   0.   -0.051031   0
     0   0.   5.33909   0.343358   0   0   0   -1.44281   0.   0   0   -5.16492   0.   0   0   0   0  
   0.   -1.20175   0   0   0.   1.82597   0   0   0.   23.5749   0.598177   0   0   0   -3.90405   0.  
   0   0   -7.952   0.   0   0 ;
 0   0   0.451707   0.   0   0   0.660746   0.   0   0   1.24922   0.   0   0.253782   0   0   0.  
   -0.595472   0   0   0.   -2.98912   0   0   0   0   0.634454   0.   0   0   0.051031   0.   0   0  
   -5.33909   0.   0   0.343358   0   0   0.   -1.44281   0   0   0.   -5.16492   0   0   0   0  
   1.20175   0.   0   0   -1.82597   0.   0   0   -23.5749   0.   0   0.598177   0   0   0.   -3.90405  
   0   0   0.   -7.952   0   0 ;
 0.   -0.451707   0   0   0.   -0.660746   0   0   0.   -1.24922   0   0   0   0   -0.143765   0.   0  
   0   -2.32837   0.   0   0   -17.1138   0.   0.   -0.126891   0   0   0.   -1.24198   0   0   0.  
   -0.639141   0   0   0   0   0.460552   0.   0   0   -5.01183   0.   0   0   -37.3683   0.   0.  
   0.171679   0   0   0.   -3.94527   0   0   0.   2.91524   0   0   0   0   2.10471   0.   0   0  
   -17.0819   0.   0   0   -98.5402   0. ;
 0.451707   0.   0   0   0.660746   0.   0   0   1.24922   0.   0   0   0   0   0.   -0.143765   0   0  
   0.   -2.32837   0   0   0.   -17.1138   0.126891   0.   0   0   1.24198   0.   0   0   0.639141   0.
     0   0   0   0   0.   0.460552   0   0   0.   -5.01183   0   0   0.   -37.3683   -0.171679   0.   0
     0   3.94527   0.   0   0   -2.91524   0.   0   0   0   0   0.   2.10471   0   0   0.   -17.0819   0
     0   0.   -98.5402 ;
 0   0   0.   -0.660746   0   0   0.   -1.24922   0   0   0.   -5.47501   0.307942   0.   0   0  
   -1.66762   0.   0   0   -15.8645   0.   0   0   0   0   0.   -1.52951   0   0   0.   -5.29588   0   0
     0.   -6.8744   0.841225   0.   0   0   -1.2859   0.   0   0   -35.4509   0.   0   0   0   0   0.  
   -2.10306   0   0   0.   -17.1321   0   0   0.   5.5384   1.24632   0.   0   0   2.64449   0.   0   0
     -113.116   0.   0   0 ;
 0   0   0.660746   0.   0   0   1.24922   0.   0   0   5.47501   0.   0.   0.307942   0   0   0.  
   -1.66762   0   0   0.   -15.8645   0   0   0   0   1.52951   0.   0   0   5.29588   0.   0   0  
   6.8744   0.   0.   0.841225   0   0   0.   -1.2859   0   0   0.   -35.4509   0   0   0   0   2.10306
     0.   0   0   17.1321   0.   0   0   -5.5384   0.   0.   1.24632   0   0   0.   2.64449   0   0   0.
     -113.116   0   0 ;
 0.   -0.660746   0   0   0.   -1.24922   0   0   0.   -5.47501   0   0   0   0   -1.00688   0.   0   0
     -14.6153   0.   0   0   -157.226   0.   0.   -0.913621   0   0   0.   -8.63113   0   0   0.  
   -38.6035   0   0   0   0   3.30261   0.   0   0   -19.5632   0.   0   0   -367.722   0.   0.  
   1.26184   0   0   0.   -22.2757   0   0   0.   -136.265   0   0   0   0   13.1598   0.   0   0  
   -27.456   0.   0   0   -1219.39   0. ;
 0.660746   0.   0   0   1.24922   0.   0   0   5.47501   0.   0   0   0   0   0.   -1.00688   0   0  
   0.   -14.6153   0   0   0.   -157.226   0.913621   0.   0   0   8.63113   0.   0   0   38.6035   0.  
   0   0   0   0   0.   3.30261   0   0   0.   -19.5632   0   0   0.   -367.722   -1.26184   0.   0   0
     22.2757   0.   0   0   136.265   0.   0   0   0   0   0.   13.1598   0   0   0.   -27.456   0   0  
   0.   -1219.39 ;
 0   0   0.   -1.24922   0   0   0.   -5.47501   0   0   0.   -119.898   -0.346133   0.   0   0  
   -13.3661   0.   0   0   -151.751   0.   0   0   0   0   0.   -10.6449   0   0   0.   -67.8341   0   0
     0.   -448.135   6.04348   0.   0   0   6.33016   0.   0   0   -251.912   0.   0   0   0   0   0.  
   -9.06521   0   0   0.   -214.518   0   0   0.   -1599.98   6.85061   0.   0   0   83.9223   0.   0  
   0   -538.062   0.   0   0 ;
 0   0   1.24922   0.   0   0   5.47501   0.   0   0   119.898   0.   0.   -0.346133   0   0   0.  
   -13.3661   0   0   0.   -151.751   0   0   0   0   10.6449   0.   0   0   67.8341   0.   0   0  
   448.135   0.   0.   6.04348   0   0   0.   6.33016   0   0   0.   -251.912   0   0   0   0   9.06521
     0.   0   0   214.518   0.   0   0   1599.98   0.   0.   6.85061   0   0   0.   83.9223   0   0   0.
     -538.062   0   0 ;
 0.   -1.24922   0   0   0.   -5.47501   0   0   0.   -119.898   0   0   0   0   -12.1169   0.   0   0  
   -146.276   0.   0   0   -1946.43   0.   0.   -11.3372   0   0   0.   -94.5662   0   0   0.   -751.636
     0   0   0   0   38.2648   0.   0   0   -48.4096   0.   0   0   -3758.94   0.   0.   15.1087   0   0
     0.   -189.197   0   0   0.   -2607.63   0   0   0   0   129.248   0.   0   0   534.529   0.   0   0
     -9516.37   0. ;
 1.24922   0.   0   0   5.47501   0.   0   0   119.898   0.   0   0   0   0   0.   -12.1169   0   0   0.
     -146.276   0   0   0.   -1946.43   11.3372   0.   0   0   94.5662   0.   0   0   751.636   0.   0  
   0   0   0   0.   38.2648   0   0   0.   -48.4096   0   0   0.   -3758.94   -15.1087   0.   0   0  
   189.197   0.   0   0   2607.63   0.   0   0   0   0   0.   129.248   0   0   0.   534.529   0   0  
   0.   -9516.37 ;
 0.253782   0   0   0   -0.595472   0.   0   0   -2.98912   0.   0   0   0   0   0.   -0.634454   0   0
     0.   -0.051031   0   0   0.   5.33909   0.343358   0   0   0   -1.44281   0.   0   0   -5.16492  
   0.   0   0   0   0   0.   -1.20175   0   0   0.   1.82597   0   0   0.   23.5749   0.598177   0   0  
   0   -3.90405   0.   0   0   -7.952   0.   0   0   0   0   0.   -2.6918   0   0   0.   9.44159   0   0
     0.   78.2718 ;
 0   0.253782   0   0   0.   -0.595472   0   0   0.   -2.98912   0   0   0   0   0.634454   0.   0   0  
   0.051031   0.   0   0   -5.33909   0.   0   0.343358   0   0   0.   -1.44281   0   0   0.   -5.16492
     0   0   0   0   1.20175   0.   0   0   -1.82597   0.   0   0   -23.5749   0.   0   0.598177   0   0
     0.   -3.90405   0   0   0.   -7.952   0   0   0   0   2.6918   0.   0   0   -9.44159   0.   0   0  
   -78.2718   0. ;
 0   0   -0.595472   0.   0   0   -2.98912   0.   0   0   -18.363   0.   0.   -0.380673   0   0   0.  
   -0.646503   0   0   0.   2.34997   0   0   0   0   -0.173902   0.   0   0   -5.06286   0.   0   0  
   -32.0292   0.   0.   -0.171679   0   0   0.   -2.50246   0   0   0.   8.08016   0   0   0   0  
   0.902958   0.   0   0   -15.2559   0.   0   0   -74.9653   0.   0.   0.299088   0   0   0.   -10.0787
     0   0   0.   38.5118   0   0 ;
 0   0   0.   -0.595472   0   0   0.   -2.98912   0   0   0.   -18.363   0.380673   0.   0   0  
   0.646503   0.   0   0   -2.34997   0.   0   0   0   0   0.   -0.173902   0   0   0.   -5.06286   0  
   0   0.   -32.0292   0.171679   0.   0   0   2.50246   0.   0   0   -8.08016   0.   0   0   0   0   0.
     0.902958   0   0   0.   -15.2559   0   0   0.   -74.9653   -0.299088   0.   0   0   10.0787   0.  
   0   0   -38.5118   0.   0   0 ;
 -0.595472   0.   0   0   -2.98912   0.   0   0   -18.363   0.   0   0   0   0   0.   -1.24198   0   0  
   0.   -0.639141   0   0   0.   27.3531   0.587443   0.   0   0   -3.76985   0.   0   0   -36.7292   0.
     0   0   0   0   0.   -3.02417   0   0   0.   -7.10841   0   0   0.   80.275   1.58967   0.   0   0
     -5.24606   0.   0   0   -107.286   0.   0   0   0   0   0.   -5.56386   0   0   0.   -37.7677   0  
   0   0.   320.445 ;
 0.   -0.595472   0   0   0.   -2.98912   0   0   0.   -18.363   0   0   0   0   1.24198   0.   0   0  
   0.639141   0.   0   0   -27.3531   0.   0.   0.587443   0   0   0.   -3.76985   0   0   0.   -36.7292
     0   0   0   0   3.02417   0.   0   0   7.10841   0.   0   0   -80.275   0.   0.   1.58967   0   0  
   0.   -5.24606   0   0   0.   -107.286   0   0   0   0   5.56386   0.   0   0   37.7677   0.   0   0  
   -320.445   0. ;
 0   0   -2.98912   0.   0   0   -18.363   0.   0   0   -173.651   0.   0.   -1.83745   0   0   0.  
   -3.62826   0   0   0.   8.99013   0   0   0   0   -1.2859   0.   0   0   -35.4509   0.   0   0  
   -388.345   0.   0.   -1.26184   0   0   0.   -18.418   0   0   0.   -29.9125   0   0   0   0  
   6.85061   0.   0   0   -78.8522   0.   0   0   -1202.77   0.   0.   2.38451   0   0   0.   -63.9979  
   0   0   0.   -215.984   0   0 ;
 0   0   0.   -2.98912   0   0   0.   -18.363   0   0   0.   -173.651   1.83745   0.   0   0   3.62826  
   0.   0   0   -8.99013   0.   0   0   0   0   0.   -1.2859   0   0   0.   -35.4509   0   0   0.  
   -388.345   1.26184   0.   0   0   18.418   0.   0   0   29.9125   0.   0   0   0   0   0.   6.85061  
   0   0   0.   -78.8522   0   0   0.   -1202.77   -2.38451   0.   0   0   63.9979   0.   0   0  
   215.984   0.   0   0 ;
 -2.98912   0.   0   0   -18.363   0.   0   0   -173.651   0.   0   0   0   0   0.   -6.61737   0   0  
   0.   -9.37285   0   0   0.   180.767   2.38899   0.   0   0   -28.1944   0.   0   0   -406.326   0.  
   0   0   0   0   0.   -22.2757   0   0   0.   -136.265   0   0   0.   -129.09   11.898   0.   0   0  
   -5.18037   0.   0   0   -1083.12   0.   0   0   0   0   0.   -29.7449   0   0   0.   -610.245   0   0
     0.   -1871.99 ;
 0.   -2.98912   0   0   0.   -18.363   0   0   0.   -173.651   0   0   0   0   6.61737   0.   0   0  
   9.37285   0.   0   0   -180.767   0.   0.   2.38899   0   0   0.   -28.1944   0   0   0.   -406.326  
   0   0   0   0   22.2757   0.   0   0   136.265   0.   0   0   129.09   0.   0.   11.898   0   0   0.
     -5.18037   0   0   0.   -1083.12   0   0   0   0   29.7449   0.   0   0   610.245   0.   0   0  
   1871.99   0. ;
 0   0   -18.363   0.   0   0   -173.651   0.   0   0   -2545.91   0.   0.   -9.60649   0   0   0.  
   -27.7358   0   0   0.   7.11689   0   0   0   0   -14.9596   0.   0   0   -387.58   0.   0   0  
   -5999.62   0.   0.   -15.1087   0   0   0.   -220.848   0   0   0.   -1348.07   0   0   0   0  
   83.9223   0.   0   0   -538.062   0.   0   0   -17516.3   0.   0.   29.7449   0   0   0.   -636.147  
   0   0   0.   -7287.6   0   0 ;
 0   0   0.   -18.363   0   0   0.   -173.651   0   0   0.   -2545.91   9.60649   0.   0   0   27.7358  
   0.   0   0   -7.11689   0.   0   0   0   0   0.   -14.9596   0   0   0.   -387.58   0   0   0.  
   -5999.62   15.1087   0.   0   0   220.848   0.   0   0   1348.07   0.   0   0   0   0   0.   83.9223
     0   0   0.   -538.062   0   0   0.   -17516.3   -29.7449   0.   0   0   636.147   0.   0   0  
   7287.6   0.   0   0 ;
 0   0   0.   -0.634454   0   0   0.   -0.051031   0   0   0.   5.33909   0.343358   0   0   0  
   -1.44281   0.   0   0   -5.16492   0.   0   0   0   0   0.   -1.20175   0   0   0.   1.82597   0   0
     0.   23.5749   0.598177   0   0   0   -3.90405   0.   0   0   -7.952   0.   0   0   0   0   0.  
   -2.6918   0   0   0.   9.44159   0   0   0.   78.2718   1.31284   0   0   0   -11.375   0.   0   0  
   -3.34435   0.   0   0 ;
 0   0   0.634454   0.   0   0   0.051031   0.   0   0   -5.33909   0.   0   0.343358   0   0   0.  
   -1.44281   0   0   0.   -5.16492   0   0   0   0   1.20175   0.   0   0   -1.82597   0.   0   0  
   -23.5749   0.   0   0.598177   0   0   0.   -3.90405   0   0   0.   -7.952   0   0   0   0   2.6918  
   0.   0   0   -9.44159   0.   0   0   -78.2718   0.   0   1.31284   0   0   0.   -11.375   0   0   0.
     -3.34435   0   0 ;
 0.   -0.634454   0   0   0.   -0.051031   0   0   0.   5.33909   0   0   0   0   -0.808357   0.   0   0
     -5.11389   0.   0   0   -26.6901   0.   0.   -0.515036   0   0   0.   -1.05965   0   0   0.  
   13.2451   0   0   0   0   -0.298793   0.   0   0   -13.4299   0.   0   0   -51.3904   0.   0.  
   -0.299088   0   0   0.   -6.1746   0   0   0.   46.4638   0   0   0   0   2.08396   0.   0   0  
   -50.5523   0.   0   0   -107.7   0. ;
 0.634454   0.   0   0   0.051031   0.   0   0   -5.33909   0.   0   0   0   0   0.   -0.808357   0   0
     0.   -5.11389   0   0   0.   -26.6901   0.515036   0.   0   0   1.05965   0.   0   0   -13.2451  
   0.   0   0   0   0   0.   -0.298793   0   0   0.   -13.4299   0   0   0.   -51.3904   0.299088   0.  
   0   0   6.1746   0.   0   0   -46.4638   0.   0   0   0   0   0.   2.08396   0   0   0.   -50.5523  
   0   0   0.   -107.7 ;
 0   0   0.   -0.051031   0   0   0.   5.33909   0   0   0.   64.0791   -0.173902   0.   0   0  
   -5.06286   0.   0   0   -32.0292   0.   0   0   0   0   0.   -2.67636   0   0   0.   3.0173   0   0  
   0.   144.333   1.24632   0.   0   0   -10.251   0.   0   0   -91.1256   0.   0   0   0   0   0.  
   -7.36978   0   0   0.   -7.25588   0   0   0.   470.376   3.5794   0.   0   0   -19.6793   0.   0   0
     -340.019   0.   0   0 ;
 0   0   0.051031   0.   0   0   -5.33909   0.   0   0   -64.0791   0.   0.   -0.173902   0   0   0.  
   -5.06286   0   0   0.   -32.0292   0   0   0   0   2.67636   0.   0   0   -3.0173   0.   0   0  
   -144.333   0.   0.   1.24632   0   0   0.   -10.251   0   0   0.   -91.1256   0   0   0   0   7.36978
     0.   0   0   7.25588   0.   0   0   -470.376   0.   0.   3.5794   0   0   0.   -19.6793   0   0  
   0.   -340.019   0   0 ;
 0.   -0.051031   0   0   0.   5.33909   0   0   0.   64.0791   0   0   0   0   -5.01183   0.   0   0  
   -37.3683   0.   0   0   -306.286   0.   0.   -3.02417   0   0   0.   -7.10841   0   0   0.   80.275  
   0   0   0   0   -2.22189   0.   0   0   -100.177   0.   0   0   -961.947   0.   0.   -2.38451   0   0
     0.   -48.2598   0   0   0.   105.874   0   0   0   0   17.1696   0.   0   0   -303.739   0.   0   0
     -3651.67   0. ;
 0.051031   0.   0   0   -5.33909   0.   0   0   -64.0791   0.   0   0   0   0   0.   -5.01183   0   0  
   0.   -37.3683   0   0   0.   -306.286   3.02417   0.   0   0   7.10841   0.   0   0   -80.275   0.  
   0   0   0   0   0.   -2.22189   0   0   0.   -100.177   0   0   0.   -961.947   2.38451   0.   0   0
     48.2598   0.   0   0   -105.874   0.   0   0   0   0   0.   17.1696   0   0   0.   -303.739   0   0
     0.   -3651.67 ;
 0   0   0.   5.33909   0   0   0.   64.0791   0   0   0.   875.37   -4.9608   0.   0   0   -42.7074  
   0.   0   0   -370.365   0.   0   0   0   0   0.   -17.1321   0   0   0.   5.5384   0   0   0.  
   1424.29   6.85061   0.   0   0   -78.8522   0.   0   0   -1202.77   0.   0   0   0   0   0.  
   -57.1473   0   0   0.   -294.836   0   0   0.   2939.1   29.0921   0.   0   0   -62.4406   0.   0   0
     -4181.04   0.   0   0 ;
 0   0   -5.33909   0.   0   0   -64.0791   0.   0   0   -875.37   0.   0.   -4.9608   0   0   0.  
   -42.7074   0   0   0.   -370.365   0   0   0   0   17.1321   0.   0   0   -5.5384   0.   0   0  
   -1424.29   0.   0.   6.85061   0   0   0.   -78.8522   0   0   0.   -1202.77   0   0   0   0  
   57.1473   0.   0   0   294.836   0.   0   0   -2939.1   0.   0.   29.0921   0   0   0.   -62.4406   0
     0   0.   -4181.04   0   0 ;
 0.   5.33909   0   0   0.   64.0791   0   0   0.   875.37   0   0   0   0   -48.0465   0.   0   0  
   -434.444   0.   0   0   -5095.78   0.   0.   -27.0537   0   0   0.   -79.8764   0   0   0.   683.562
     0   0   0   0   -27.456   0.   0   0   -1219.39   0.   0   0   -18161.7   0.   0.   -29.7449   0  
   0   0.   -610.245   0   0   0.   -1871.99   0   0   0   0   223.296   0.   0   0   -2706.86   0.   0
     0   -70265.6   0. ;
 -5.33909   0.   0   0   -64.0791   0.   0   0   -875.37   0.   0   0   0   0   0.   -48.0465   0   0  
   0.   -434.444   0   0   0.   -5095.78   27.0537   0.   0   0   79.8764   0.   0   0   -683.562   0.  
   0   0   0   0   0.   -27.456   0   0   0.   -1219.39   0   0   0.   -18161.7   29.7449   0.   0   0  
   610.245   0.   0   0   1871.99   0.   0   0   0   0   0.   223.296   0   0   0.   -2706.86   0   0  
   0.   -70265.6 ;